-20.0	2
-19.0	2
-18.0	1
-17.0	1
-15.0	1
-14.0	2
-13.0	7
-12.0	17
-11.0	24
-10.0	45
-9.0	86
-8.0	148
-7.0	223
-6.0	364
-5.0	761
-4.0	1485
-3.0	3037
-2.0	7596
-1.0	13448
0.0	20515
1.0	9239
1.1	1235
1.2	3781
1.3	3644
1.4	1768
1.5	6131
1.6	1554
1.7	3238
1.8	2836
1.9	625
2.0	24468
2.1	441
2.2	2159
2.3	2495
2.4	805
2.5	4853
2.6	633
2.7	1988
2.8	1355
2.9	159
3.0	21982
3.1	98
3.2	901
3.3	1437
3.4	298
3.5	3343
3.6	202
3.7	1054
3.8	581
3.9	40
4.0	17968
4.1	28
4.2	361
4.3	665
4.4	92
4.5	2082
4.6	68
4.7	470
4.8	171
4.9	8
5.0	13984
5.1	6
5.2	111
5.3	328
5.4	27
5.5	1215
5.6	22
5.7	240
5.8	77
5.9	2
6.0	10555
6.1	1
6.2	45
6.3	138
6.4	6
6.5	718
6.6	8
6.7	106
6.8	20
6.9	1
7.0	7885
7.2	20
7.3	79
7.4	3
7.5	415
7.6	1
7.7	66
7.8	5
8.0	5761
8.2	2
8.3	30
8.4	1
8.5	250
8.7	22
8.8	5
9.0	4225
9.1	1
9.2	1
9.3	15
9.5	118
9.7	13
9.8	2
10.0	2962
10.2	1
10.3	5
10.5	82
10.7	5
11.0	2083
11.3	4
11.5	53
11.7	1
12.0	1498
12.3	3
12.5	27
13.0	1050
13.5	16
13.7	1
14.0	738
14.5	7
15.0	502
15.5	7
16.0	368
16.5	6
17.0	277
17.5	4
18.0	173
18.5	1
19.0	135
19.5	2
20.0	345
